test  076        076_donut_1        (109, -30)     27340.0      [[80, -120], [136, -124], [186, -87], [208, -24], [186, 36], [138, 63], [83, 63], [32, 21], [15, -33], [31, -86]]
test  076        076_donut_2        (-164, -117)   54004.0      [[-23, -191], [-16, -118], [-54, -54], [-112, -13], [-192, -7], [-243, -18], [-291, -63], [-300, -134], [-271, -202], [-230, -239], [-64, -239]]
test  076        076_stand_5        (-186, 126)    40722.5      [[-46, 90], [-66, 37], [-177, -3], [-210, -3], [-314, 122], [-317, 160], [-307, 176], [-209, 187], [-184, 236], [-94, 236], [-113, 151]]
test  076        076_hands_3        (64, 205)      13211.0      [[22, 168], [147, 166], [205, 239], [-26, 237], [-28, 216]]
test  076        076_sock_4         (247, 118)     7132.5       [[162, 143], [287, 163], [295, 119], [275, 81], [220, 84]]
test  060        060_mic_1_L        (96, 87)       40094.5      [[17, 149], [29, 179], [75, 218], [130, 231], [181, 206], [213, 159], [214, 109], [207, 70], [143, 32], [69, -52], [19, -79], [-2, -60], [15, -20], [34, 83]]
test  060        060_hand_2         (16, -57)      21671.5      [[11, -87], [72, -54], [99, -23], [109, -44], [105, -123], [37, -165], [-4, -149], [-4, -118], [-83, -53], [-95, 21], [-41, 49], [19, 41], [10, -19], [-7, -65]]
test  089       089_hand_2          (-33, -191)    28885.0      [[216, -237], [168, -181], [105, -133], [-37, -117], [-93, -132], [-112, -170], [-90, -187], [-50, -195], [-37, -217], [5, -235], [-138, -214], [-174, -226], [-185, -238]]
test  089       089_hand_3          (-271, -65)    20741.0      [[-209, 42], [-235, 47], [-289, 99], [-313, 96], [-320, 81], [-309, 22], [-301, 10], [-319, 9], [-318, -147], [-268, -184], [-263, -229], [-234, -239], [-217, -215], [-234, -207], [-255, -160], [-252, -56]]
test  089       089_weeble_1_L      (-137, -106)   44864.5      [[-120, 72], [-89, 44], [-50, -38], [-45, -111], [-93, -128], [-118, -168], [-92, -194], [-62, -197], [-94, -219], [-137, -210], [-181, -224], [-229, -205], [-247, -164], [-251, -68], [-205, 41], [-164, 74]]
test  075        075_sock_4         (241, -192)    11643.5      [[122, -202], [149, -166], [276, -146], [310, -172], [316, -202], [305, -213], [214, -237]]
test  075        075_weeble_1       (42, -189)     8708.0       [[51, -134], [92, -171], [90, -238], [-20, -237], [0, -163]]
test  075        075_donut_2        (-116, -141)   17474.5      [[-174, -186], [-89, -207], [-61, -200], [-36, -156], [-53, -99], [-118, -59], [-187, -85], [-203, -135]]
test  005       004_car_1_L         (-209, -96)    23178.0      [[-192, -158], [-166, -149], [-157, -119], [-88, -106], [-125, -49], [-217, -43], [-252, 3], [-319, 0], [-317, -145], [-230, -130], [-227, -150]]
test  005       005_hippo_3         (62, -18)      26131.0      [[11, -171], [149, -159], [141, -141], [151, -99], [124, -50], [75, -27], [62, 13], [49, 22], [51, 41], [80, 40], [93, 49], [88, 81], [68, 95], [31, 79], [20, 83], [0, 80], [21, -37], [-15, -77], [-4, -147]]
test  005       005_hippos_4        (262, 43)      24670.5      [[284, 157], [310, 161], [312, 142], [319, 127], [319, -139], [252, -134], [205, -117], [188, -75], [195, -45], [259, 16], [264, 64], [245, 100], [245, 120], [257, 136], [277, 139]]
test  005       005_hippo_5         (140, 27)      17061.5      [[153, -19], [163, -101], [177, -105], [170, -20], [185, 0], [248, 14], [163, 143], [133, 141], [121, 105], [84, 91], [91, 85], [98, 54], [87, 33], [103, -8], [128, -8]]
test  005       005_car_2_L         (105, 156)     12687.0      [[17, 123], [30, 202], [132, 228], [181, 166], [181, 150], [134, 146], [126, 130], [39, 109]]
test  067       067_legoman_2       (144, -39)     21237.0      [[17, -107], [125, 66], [137, 76], [206, 41], [161, -33], [201, -74], [195, -88], [150, -67], [111, -159]]
test  067       067_hand_1          (211, -65)     16623.5      [[174, -143], [145, -98], [154, -77], [197, -95], [204, -73], [166, -30], [202, 15], [270, 13], [298, -46], [305, -110]]
test  066       066_legoman_1       (25, -40)      7584.5       [[-16, -80], [103, -63], [96, -9], [-18, -15], [-36, -31]]
test  090        090_apple_1        (48, -22)      67331.0      [[48, 89], [67, 126], [116, 83], [127, 65], [120, 40], [185, -29], [191, -65], [171, -116], [79, -194], [-12, -203], [-75, -165], [-109, -86], [-107, -15], [-65, 53], [-7, 88]]
test  090        090_toy_2          (278, 9)       7666.5       [[319, -91], [229, 18], [248, 39], [318, 71]]
test  081       081_apple_2         (-128, -131)   57322.5      [[-231, -178], [-269, -188], [-267, -118], [-235, -84], [-222, -27], [-134, -1], [-125, -21], [-41, -31], [20, -83], [52, -161], [40, -225], [27, -237], [-200, -236], [-203, -237]]
test  081       081_hand_4          (-267, -215)   3555.5       [[-319, -236], [-291, -218], [-286, -201], [-230, -183], [-205, -237]]
test  081       081_sock_5          (-278, 171)    9041.5       [[-318, 103], [-317, 200], [-306, 215], [-249, 208], [-199, 131]]
test  081       081_hands_1         (-163, 212)    8478.0       [[-167, 163], [-88, 188], [-54, 236], [-55, 236], [-266, 235], [-264, 223], [-203, 217], [-207, 204]]
test  081       081_sock_6          (173, 201)     7441.0       [[73, 187], [146, 237], [203, 237], [217, 227], [218, 196], [197, 161], [158, 164]]
test  093        093_donut_1        (-30, -83)     34719.5      [[12, -183], [59, -145], [75, -76], [56, -18], [-13, 25], [-95, 1], [-142, -44], [-143, -127], [-78, -175]]
test  093        093_hands_2        (140, 147)     41449.5      [[-1, 165], [54, 229], [137, 195], [148, 238], [296, 237], [302, 222], [269, 109], [190, 50], [130, 49], [94, 49], [46, 85], [20, 143]]
test  093        093_sock_3         (-113, 26)     7085.0       [[-141, 74], [-2, 43], [-87, 6], [-98, 4], [-108, -3], [-140, -2], [-161, 30], [-161, 57]]
test  087        087_mirro_1_L      (76, -153)     43261.5      [[-26, -3], [61, -23], [121, -100], [129, -156], [232, -208], [225, -238], [200, -237], [117, -202], [69, -228], [-35, -218], [-94, -170], [-83, -53]]
test  087        087_hand_2         (246, -72)     16673.5      [[141, -71], [198, 5], [264, 10], [318, 4], [318, -164], [233, -141], [212, -101], [259, -90], [316, -97], [314, -64], [228, -59], [159, -89]]
test  085       085_cat_1_L         (123, 10)      102254.5     [[-25, 43], [14, 109], [110, 188], [123, 129], [141, 112], [176, 137], [192, 138], [212, 128], [196, 44], [225, -16], [318, -19], [317, -238], [-49, -239], [13, -200], [-2, -125], [19, -17]]
test  025       025_raceCar_2       (-225, 35)     67648.0      [[-76, 210], [-2, 17], [-255, -151], [-318, -156], [-317, -81], [-278, -46], [-218, -14], [-214, -3], [-222, 13], [-279, 11], [-295, 46], [-295, 46], [-288, 85], [-192, 144], [-212, 212], [-126, 235]]
test  025       025_hand_1          (-281, 47)     8596.0       [[-316, 129], [-302, 150], [-286, 143], [-279, 126], [-297, 47], [-281, 8], [-225, 7], [-222, -10], [-282, -48], [-318, -78]]
test  024        024_car_1          (35, 134)      7454.5       [[31, 77], [60, 103], [86, 181], [56, 192], [-3, 161], [-19, 95]]
test  024        024_hand_2         (42, 211)      9779.0       [[-12, 157], [52, 195], [54, 234], [81, 233], [89, 203], [104, 195], [123, 208], [119, 236], [-85, 239], [-99, 215]]
test  038       038_toy_4           (-157, -59)    80679.5      [[-319, -236], [-319, 88], [-288, 140], [-192, 88], [-222, 25], [-37, -57], [4, -136], [-23, -198], [-15, -238]]
test  038       038_hands_3         (37, 57)       16877.5      [[56, 85], [127, 96], [9, 185], [-58, 132], [-26, 117], [-30, 65], [0, 15], [29, 9], [71, -17], [89, -10], [122, -1], [58, 19]]
test  038       038_mic_1_L         (177, 39)      22376.5      [[190, -29], [250, -22], [286, 27], [280, 81], [229, 113], [88, 84], [59, 84], [68, 20], [148, 0]]
test  039        039_mic_3          (-198, 168)    24547.0      [[-142, 102], [-116, 160], [-119, 207], [-155, 237], [-318, 237], [-315, 152], [-220, 86]]
test  039       039_toy_4           (103, 62)      97255.0      [[-129, 119], [-110, 155], [-111, 205], [-147, 239], [263, 235], [253, 226], [318, 177], [318, -110], [280, -81], [233, -73], [205, -87], [188, -83], [187, -73], [147, 5], [84, 59], [9, 61], [-21, 78], [-108, 79]]
test  039       039_hand_2          (246, -149)    15538.0      [[188, -87], [208, -92], [233, -77], [279, -81], [317, -112], [318, -238], [260, -238], [241, -211], [208, -181], [211, -165]]
test  058       058_legoman_1_L     (25, -173)     11875.5      [[-18, -235], [-36, -211], [39, -78], [105, -103], [39, -237]]
test  058       058_hand_2          (125, -180)    9086.0       [[46, -233], [105, -120], [156, -149], [193, -218]]
test  016        016_tricycle_6     (-145, -70)    4933.5       [[-112, -97], [-104, -82], [-116, -57], [-115, -44], [-135, -24], [-196, -66], [-205, -80], [-174, -104]]
test  016        016_firetruck_3    (-27, -64)     4254.0       [[-29, -114], [12, -79], [-17, -18], [-72, -42]]
test  016        016_truck_7        (50, 88)       4417.5       [[48, 35], [101, 52], [65, 129], [20, 113], [18, 112]]
test  016        016_racecar_5      (189, 103)     9354.0       [[131, 54], [226, 69], [270, 116], [220, 159], [173, 144], [117, 77]]
test  016        016_ball_1         (229, -67)     2359.0       [[215, -93], [245, -90], [257, -69], [249, -43], [216, -41], [194, -63]]
test  016        016_car_2          (-73, 155)     1368.0       [[-87, 135], [-50, 143], [-48, 168], [-82, 174], [-96, 159]]
test  016        016_vehicles_8     (-288, 36)     2300.0       [[-319, 0], [-249, 25], [-249, 39], [-287, 41], [-301, 54], [-318, 59]]
test  016        016_motorcycle_4   (-217, -207)   10358.5      [[-123, -237], [-123, -218], [-197, -148], [-261, -174], [-300, -226], [-294, -238]]
test  022       022_car_1           (27, -37)      16553.0      [[55, -101], [106, -57], [73, 49], [-55, 3], [-44, -79]]
test  047       047_chicken_1       (-25, 26)      12326.0      [[-92, -16], [-59, -24], [59, 5], [39, 93], [-68, 73]]
test  047       047_legoman_2       (-77, 173)     12631.0      [[-120, 122], [16, 140], [8, 215], [-134, 212], [-152, 178]]
test  047       047_car_3           (176, -132)    47893.5      [[0, -134], [10, -51], [140, -10], [206, -36], [209, -92], [246, -145], [293, -172], [299, -201], [296, -236], [63, -237]]
test  019        019_car_1          (-10, -22)     11982.5      [[-75, -61], [18, -87], [70, -52], [14, 35], [-10, 38], [-72, 0]]
test  019       019_truck_2         (-20, 131)     24485.0      [[-85, 22], [94, 98], [66, 193], [20, 194], [-73, 164], [-140, 119]]
test  045       045_chicken_3       (-22, 73)      7605.0       [[-43, 30], [-1, 21], [34, 67], [0, 133], [-40, 116], [-79, 76]]
test  045       045_car_1_L         (-63, -103)    58850.5      [[-225, -199], [-207, -84], [-171, -34], [-107, -31], [-59, -6], [16, -14], [-3, -61], [84, -97], [95, -125], [80, -237], [-189, -239]]
test  045       045_boat_2          (117, 93)      57691.0      [[75, 13], [186, -30], [316, -57], [318, 150], [87, 191], [-18, 191], [-22, 154], [1, 138]]
test  044       044_toy_6           (-130, 153)    4726.5       [[-147, 120], [-94, 119], [-80, 156], [-99, 179], [-155, 188], [-168, 173], [-165, 141]]
test  044       044_lego_3          (-227, -52)    6975.0       [[-232, -101], [-173, -64], [-174, -41], [-212, -13], [-272, -25], [-299, -64]]
test  044       044_sock_5          (-255, -128)   6049.0       [[-319, -184], [-254, -150], [-211, -158], [-207, -123], [-215, -98], [-232, -104], [-250, -103], [-286, -102], [-318, -128]]
test  044       044_bottle_2        (-83, -191)    15434.5      [[-220, -182], [-96, -145], [-53, -150], [-27, -182], [-9, -185], [2, -206], [-38, -237], [-217, -236]]
test  044       044_mic_4           (151, 111)     3582.0       [[114, 114], [116, 142], [137, 149], [159, 139], [159, 124], [197, 62], [181, 51]]
test  044       044_boomwhacker_1   (-55, 199)     5149.5       [[-153, 236], [-83, 238], [18, 176], [-1, 149]]
test  043       043_bottle_1        (-144, 60)     71413.0      [[-319, -45], [-194, -63], [-175, -68], [-131, -79], [-35, -47], [7, 26], [-20, 120], [-56, 158], [-104, 179], [-144, 183], [-234, 175], [-320, 182]]
test  043       041_legoman_3       (124, -44)     9837.0       [[171, -78], [166, -51], [184, -37], [160, 5], [121, 28], [42, -36], [55, -71], [87, -77], [134, -74]]
test  043       043_hand_2          (-8, -146)     30176.0      [[-228, -233], [-141, -213], [-104, -113], [-50, -97], [-41, -117], [28, -73], [57, -88], [36, -127], [76, -121], [93, -155], [130, -175], [54, -239]]
test  034        034_chicken_3      (73, -61)      5623.5       [[46, -94], [26, -52], [68, -11], [81, -5], [122, -96], [99, -107]]
test  034        034_car_1_L        (77, -172)     20743.5      [[44, -98], [109, -113], [124, -169], [135, -187], [134, -187], [120, -210], [111, -237], [-67, -235], [-12, -110]]
test  034        _034_bat_2         (298, -157)    5457.0       [[318, -239], [299, -221], [260, -87], [317, -80]]
test  035        035_chicken_1_L    (49, -50)      9196.0       [[13, -90], [-1, -51], [20, -2], [110, 15], [102, -66], [51, -103]]
test  035        035_mic_2          (208, -67)     23827.5      [[113, -4], [115, 38], [132, 45], [163, 38], [319, -78], [318, -222], [267, -207], [243, -144]]
test  061                           (-19, -40)     156351.0     [[-95, 52], [-66, 86], [-21, 100], [56, 72], [33, 46], [53, -10], [93, -78], [59, -162], [78, -237], [233, -236], [278, -136], [265, -5], [221, 80], [147, 130], [32, 169], [-61, 163], [-149, 127], [-202, 63], [-252, 51], [-289, -10], [-297, -108], [-274, -205], [-251, -238], [74, -237], [54, -165], [13, -184], [-51, -173], [-100, -118], [-65, -40], [-75, 24]]
test  061                           (-19, -40)     156351.0     [[-95, 52], [-66, 86], [-21, 100], [56, 72], [33, 46], [53, -10], [93, -78], [59, -162], [78, -237], [233, -236], [278, -136], [265, -5], [221, 80], [147, 130], [32, 169], [-61, 163], [-149, 127], [-202, 63], [-252, 51], [-289, -10], [-297, -108], [-274, -205], [-251, -238], [74, -237], [54, -165], [13, -184], [-51, -173], [-100, -118], [-65, -40], [-75, 24]]
test  010       010_hand_3          (127, 28)      29623.5      [[205, -85], [206, -23], [274, 49], [150, 127], [107, 109], [131, 69], [78, 65], [25, 38], [31, -10], [69, -51]]
test  010       010_foot_2_L        (99, -123)     13879.0      [[146, -203], [40, -195], [51, -110], [65, -54], [130, -72], [163, -104]]
test  010       010_foot_1_L        (-136, -114)   15448.5      [[-38, -205], [-23, -158], [-151, -69], [-156, -51], [-180, -22], [-229, -61], [-217, -109], [-145, -176], [-77, -172]]
test  010       010_sock_4          (-241, -81)    17345.0      [[-182, -151], [-200, -179], [-244, -174], [-316, -114], [-320, 29], [-254, 14], [-218, -11], [-216, -47], [-235, -57], [-222, -111]]
test  008       008_cup_1_L         (139, -146)    30043.5      [[-22, -142], [10, -101], [60, -73], [121, -70], [157, -97], [177, -102], [246, -99], [255, -115], [278, -136], [302, -148], [235, -145], [170, -164], [165, -192], [130, -226], [72, -239], [20, -223], [-10, -194]]
test  008       008_cup_2_L         (-13, 1)       6425.5       [[90, 48], [89, 80], [0, 14], [-20, 19], [-48, 11], [-66, 3], [-72, -20], [-64, -50], [-48, -56], [-8, -31], [7, -5]]
test  008       008_hand_8          (170, 83)      32586.0      [[319, 51], [295, 41], [208, 52], [147, 46], [156, 18], [139, 3], [92, 48], [92, 84], [21, 37], [15, 42], [85, 134], [178, 199], [195, 203], [294, 152], [318, 149]]
test  008       008_blocks_4        (-227, -36)    17235.0      [[-142, -91], [-111, -62], [-118, -39], [-229, 35], [-311, 12], [-320, -14], [-306, -46], [-276, -77]]
test  008        008_blocks_3       (-194, -128)   14027.5      [[-113, -144], [-141, -176], [-236, -225], [-277, -135], [-261, -96], [-231, -83], [-202, -90], [-189, -114], [-159, -103], [-126, -114]]
test  008        008_concrete_6     (33, -214)     4734.5       [[162, -201], [135, -228], [95, -236], [41, -233], [4, -223], [-14, -194], [-24, -157], [-58, -188], [-59, -219], [-79, -236], [164, -237]]
test  008        008_blocks_5       (-88, 65)      18569.5      [[-178, 14], [-198, 29], [-205, 62], [-117, 111], [-86, 117], [32, 113], [42, 85], [9, 43], [-86, 17]]
test  008        008_hand_7         (279, -142)    9853.0       [[307, -149], [296, -137], [281, -133], [251, -106], [254, -86], [282, -59], [317, -64], [319, -237], [285, -233], [254, -201], [225, -154]]
test  004        004_blocks_4       (-148, -35)    37984.0      [[-310, -116], [-320, -81], [-262, 19], [-178, 28], [-37, 99], [28, 78], [-23, 34], [-30, 0], [-62, -46], [-133, -75], [-140, -94], [-175, -82], [-180, -113], [-239, -130]]
test  004       004_bear_2          (177, -67)     65958.5      [[223, -26], [220, 3], [179, 46], [104, 74], [87, 65], [95, 17], [65, 11], [36, -21], [7, -74], [53, -177], [32, -238], [148, -239], [197, -220], [236, -158], [233, -137], [246, -136], [305, -152], [319, -144], [318, 3], [299, 31], [260, 27], [235, -23]]
test  004       004_foot_5          (-99, 200)     15373.5      [[6, 138], [-203, 167], [-218, 218], [-125, 236], [-40, 227], [-14, 218]]
test  004       004_cup_1_L         (-15, -46)     25005.0      [[37, 82], [66, 73], [70, 35], [39, -9], [19, -21], [-7, -67], [7, -91], [20, -118], [9, -151], [-91, -192], [-143, -129], [-131, -76], [-60, -50], [-27, 1], [-21, 35]]
test  004       004_hand_3          (-118, -171)   15893.5      [[-288, -237], [-182, -159], [-174, -87], [-140, -97], [-146, -130], [-94, -199], [-36, -176], [-15, -185], [-14, -201], [-89, -238]]
test  012        012_concrete_7     (32, -54)      44884.0      [[86, -153], [159, -76], [165, 2], [111, 43], [46, 52], [-40, 21], [-96, -52], [-94, -143], [-43, -178]]
test  012        012_concrete_6     (228, 72)      22444.0      [[195, -7], [147, 40], [164, 99], [229, 150], [319, 152], [319, 1]]
test  012        012_foot_9         (125, -190)    9655.5       [[71, -167], [116, -139], [171, -167], [202, -237], [68, -238]]
test  012        012_container_8    (266, -201)    6959.0       [[209, -238], [219, -187], [265, -156], [319, -185], [319, -238]]
test  012        012_blocks_3       (-154, 107)    12871.0      [[-78, 48], [-93, 122], [-127, 164], [-191, 158], [-223, 138], [-211, 81], [-154, 43]]
test  012        012_blocks_5       (73, 181)      24556.5      [[96, 164], [2, 139], [-83, 152], [-106, 197], [-22, 235], [166, 236], [211, 211], [219, 154], [182, 144]]
test  012       012_blocks_4        (-134, -37)    9337.5       [[-147, -114], [-178, -73], [-195, -35], [-156, -11], [-169, 8], [-143, 38], [-91, -7], [-103, -26], [-92, -41], [-97, -55], [-97, -83]]
test  012       012_block_1         (32, 81)       3018.5       [[59, 62], [60, 85], [46, 117], [6, 106], [3, 73], [18, 44]]
test  012       012_block_2         (-50, 52)      2734.5       [[-44, 92], [-13, 47], [-42, 23], [-74, 32], [-77, 67]]
test  069       069_lid_1           (49, -111)     50775.5      [[-81, -127], [-64, -79], [-44, -71], [-15, 3], [37, 39], [101, 34], [151, -15], [174, -96], [186, -165], [174, -204], [140, -233], [53, -229], [8, -207], [-25, -158], [-58, -154]]
test  069       069_hand_2          (-191, -223)   5504.0       [[-264, -238], [-241, -220], [-223, -219], [-222, -235], [-198, -231], [-146, -178], [-41, -237]]
test  003       003_bed_3           (-164, 64)     74715.0      [[-194, -140], [-238, -104], [-318, 58], [-316, 150], [-309, 140], [-110, 237], [-5, 238], [-2, 201], [39, 87], [-190, -42], [-151, -117]]
test  003       003_arm_2           (86, 15)       9654.5       [[41, 85], [119, 102], [138, 13], [137, -15], [90, -9], [63, -64], [52, -15], [54, 27]]
test  003        003_block_4        (30, -141)     2627.0       [[46, -166], [64, -142], [48, -117], [24, -110], [-2, -140], [5, -167]]
test  003        003_hand_5         (115, -62)     6950.0       [[82, -117], [71, -68], [89, -16], [135, -20], [160, -29], [171, -52], [98, -129]]
test  003        003_belt_1_L       (210, -56)     37024.0      [[178, 11], [286, 38], [292, 32], [271, 5], [279, -3], [277, -91], [187, -236], [-9, -237], [177, -54], [163, -24]]
test  003        003_hand_6         (292, -32)     5260.5       [[286, 42], [318, 43], [319, -106], [290, -113], [280, -92], [280, -92], [284, -3], [279, 2], [296, 32]]
test  098        098_ball_3         (41, 62)       18022.0      [[33, -28], [116, 4], [118, 73], [98, 121], [47, 131], [16, 123], [-17, 95], [-29, 46], [-11, -5]]
test  101        101_donut_1        (47, -135)     21744.5      [[-15, -176], [-33, -153], [-45, -107], [-19, -64], [38, -51], [82, -66], [123, -100], [139, -148], [129, -193], [89, -210], [33, -208]]
test  101        101_hands_2        (-115, 182)    27479.5      [[-98, 103], [-60, 115], [-5, 186], [4, 214], [20, 239], [-291, 239], [-296, 233], [-188, 131]]
test  101        101_sock_3         (123, 120)     8459.5       [[2, 127], [148, 164], [174, 145], [165, 92], [128, 74]]
test  057        057_hand_3         (149, -172)    23070.0      [[25, -158], [92, -194], [167, -208], [111, -137], [110, -92], [137, -77], [313, -200], [317, -238], [70, -238]]
test  057        058_hand_2         (-211, 35)     34534.0      [[-116, 13], [-120, 44], [-134, 52], [-109, 112], [-125, 128], [-140, 126], [-245, 61], [-278, 63], [-277, 81], [-255, 138], [-319, 138], [-318, -159], [-303, -138], [-273, -85], [-143, -36]]
test  057       legobridge_1_L      (0, 11)        60085.0      [[-277, 72], [-253, 133], [-159, 133], [-140, 177], [142, 111], [132, 48], [206, 39], [224, -42], [212, -119], [135, -70], [103, -91], [103, -137], [161, -204], [94, -190], [35, -160], [58, -15], [69, -13], [-3, 48], [-77, 60], [-125, 56], [-106, 114], [-124, 132], [-157, 123], [-242, 63]]
test  032       032_ball_2          (-96, -75)     92752.5      [[-266, 17], [-202, 71], [-148, 91], [-38, 70], [45, 5], [61, -54], [63, -97], [47, -165], [10, -206], [-49, -239], [-189, -237], [-280, -159], [-292, -66]]
test  032        032_hand_3         (140, -182)    9041.5       [[135, -73], [176, -119], [191, -172], [236, -238], [69, -235], [66, -216], [94, -203], [150, -214], [150, -161]]
test  032        boomwhacker_1_L    (58, -89)      47703.5      [[-51, 233], [89, 239], [146, -162], [144, -212], [95, -199], [64, -211], [65, -237], [23, -235], [25, -210], [56, -156], [67, -107], [68, -57], [51, 5], [-23, 66]]
test  053        053_boat_1_L       (-73, 11)      114351.5     [[-65, 171], [-30, 169], [24, 88], [-8, -6], [67, -27], [90, -86], [140, -132], [116, -159], [-3, -201], [-319, -156], [-319, 65], [-254, 62], [-257, 134], [-180, 140], [-87, 116]]
test  053        053_hand_2         (141, -86)     6106.5       [[83, -56], [118, -42], [176, -49], [195, -72], [185, -135], [173, -146], [143, -104], [109, -81], [93, -82]]
